{
 "cells": [
  {
   "cell_type": "markdown",
   "metadata": {},
   "source": [
    "# Apple Stock"
   ]
  },
  {
   "cell_type": "markdown",
   "metadata": {},
   "source": [
    "### Introduction:\n",
    "\n",
    "We are going to use Apple's stock price.\n",
    "\n",
    "\n",
    "### Step 1. Import the necessary libraries (pandas,numpy, matplotlib etc)"
   ]
  },
  {
   "cell_type": "code",
   "execution_count": 1,
   "metadata": {},
   "outputs": [],
   "source": [
    "import pandas as pd\n",
    "import numpy as np\n",
    "import matplotlib.pyplot as plt"
   ]
  },
  {
   "cell_type": "markdown",
   "metadata": {},
   "source": [
    "### Step 2. Import the dataset from this [address](https://raw.githubusercontent.com/guipsamora/pandas_exercises/master/Time_Series/Apple_Stock/appl_1980_2014.csv) or from the file appl_1980_2014.csv from the datasets folder."
   ]
  },
  {
   "cell_type": "code",
   "execution_count": 3,
   "metadata": {},
   "outputs": [],
   "source": [
    "apple = pd.read_csv(r'C:\\Users\\goura\\Downloads\\Compressed\\Gaurav_data_science\\Basic Python Stats Modelling\\2. Pandas Basic Exercises\\Exercise Data Files\\Pandas Exercise Apple Stock files\\appl_1980_2014.csv')"
   ]
  },
  {
   "cell_type": "markdown",
   "metadata": {},
   "source": [
    "\n",
    "### Step 3. Assign it to a variable apple"
   ]
  },
  {
   "cell_type": "code",
   "execution_count": 4,
   "metadata": {},
   "outputs": [
    {
     "data": {
      "text/html": [
       "<div>\n",
       "<style scoped>\n",
       "    .dataframe tbody tr th:only-of-type {\n",
       "        vertical-align: middle;\n",
       "    }\n",
       "\n",
       "    .dataframe tbody tr th {\n",
       "        vertical-align: top;\n",
       "    }\n",
       "\n",
       "    .dataframe thead th {\n",
       "        text-align: right;\n",
       "    }\n",
       "</style>\n",
       "<table border=\"1\" class=\"dataframe\">\n",
       "  <thead>\n",
       "    <tr style=\"text-align: right;\">\n",
       "      <th></th>\n",
       "      <th>Date</th>\n",
       "      <th>Open</th>\n",
       "      <th>High</th>\n",
       "      <th>Low</th>\n",
       "      <th>Close</th>\n",
       "      <th>Volume</th>\n",
       "      <th>Adj Close</th>\n",
       "    </tr>\n",
       "  </thead>\n",
       "  <tbody>\n",
       "    <tr>\n",
       "      <td>0</td>\n",
       "      <td>2014-07-08</td>\n",
       "      <td>96.27</td>\n",
       "      <td>96.80</td>\n",
       "      <td>93.92</td>\n",
       "      <td>95.35</td>\n",
       "      <td>65130000</td>\n",
       "      <td>95.35</td>\n",
       "    </tr>\n",
       "    <tr>\n",
       "      <td>1</td>\n",
       "      <td>2014-07-07</td>\n",
       "      <td>94.14</td>\n",
       "      <td>95.99</td>\n",
       "      <td>94.10</td>\n",
       "      <td>95.97</td>\n",
       "      <td>56305400</td>\n",
       "      <td>95.97</td>\n",
       "    </tr>\n",
       "    <tr>\n",
       "      <td>2</td>\n",
       "      <td>2014-07-03</td>\n",
       "      <td>93.67</td>\n",
       "      <td>94.10</td>\n",
       "      <td>93.20</td>\n",
       "      <td>94.03</td>\n",
       "      <td>22891800</td>\n",
       "      <td>94.03</td>\n",
       "    </tr>\n",
       "    <tr>\n",
       "      <td>3</td>\n",
       "      <td>2014-07-02</td>\n",
       "      <td>93.87</td>\n",
       "      <td>94.06</td>\n",
       "      <td>93.09</td>\n",
       "      <td>93.48</td>\n",
       "      <td>28420900</td>\n",
       "      <td>93.48</td>\n",
       "    </tr>\n",
       "    <tr>\n",
       "      <td>4</td>\n",
       "      <td>2014-07-01</td>\n",
       "      <td>93.52</td>\n",
       "      <td>94.07</td>\n",
       "      <td>93.13</td>\n",
       "      <td>93.52</td>\n",
       "      <td>38170200</td>\n",
       "      <td>93.52</td>\n",
       "    </tr>\n",
       "    <tr>\n",
       "      <td>...</td>\n",
       "      <td>...</td>\n",
       "      <td>...</td>\n",
       "      <td>...</td>\n",
       "      <td>...</td>\n",
       "      <td>...</td>\n",
       "      <td>...</td>\n",
       "      <td>...</td>\n",
       "    </tr>\n",
       "    <tr>\n",
       "      <td>8460</td>\n",
       "      <td>1980-12-18</td>\n",
       "      <td>26.63</td>\n",
       "      <td>26.75</td>\n",
       "      <td>26.63</td>\n",
       "      <td>26.63</td>\n",
       "      <td>18362400</td>\n",
       "      <td>0.41</td>\n",
       "    </tr>\n",
       "    <tr>\n",
       "      <td>8461</td>\n",
       "      <td>1980-12-17</td>\n",
       "      <td>25.87</td>\n",
       "      <td>26.00</td>\n",
       "      <td>25.87</td>\n",
       "      <td>25.87</td>\n",
       "      <td>21610400</td>\n",
       "      <td>0.40</td>\n",
       "    </tr>\n",
       "    <tr>\n",
       "      <td>8462</td>\n",
       "      <td>1980-12-16</td>\n",
       "      <td>25.37</td>\n",
       "      <td>25.37</td>\n",
       "      <td>25.25</td>\n",
       "      <td>25.25</td>\n",
       "      <td>26432000</td>\n",
       "      <td>0.39</td>\n",
       "    </tr>\n",
       "    <tr>\n",
       "      <td>8463</td>\n",
       "      <td>1980-12-15</td>\n",
       "      <td>27.38</td>\n",
       "      <td>27.38</td>\n",
       "      <td>27.25</td>\n",
       "      <td>27.25</td>\n",
       "      <td>43971200</td>\n",
       "      <td>0.42</td>\n",
       "    </tr>\n",
       "    <tr>\n",
       "      <td>8464</td>\n",
       "      <td>1980-12-12</td>\n",
       "      <td>28.75</td>\n",
       "      <td>28.87</td>\n",
       "      <td>28.75</td>\n",
       "      <td>28.75</td>\n",
       "      <td>117258400</td>\n",
       "      <td>0.45</td>\n",
       "    </tr>\n",
       "  </tbody>\n",
       "</table>\n",
       "<p>8465 rows × 7 columns</p>\n",
       "</div>"
      ],
      "text/plain": [
       "            Date   Open   High    Low  Close     Volume  Adj Close\n",
       "0     2014-07-08  96.27  96.80  93.92  95.35   65130000      95.35\n",
       "1     2014-07-07  94.14  95.99  94.10  95.97   56305400      95.97\n",
       "2     2014-07-03  93.67  94.10  93.20  94.03   22891800      94.03\n",
       "3     2014-07-02  93.87  94.06  93.09  93.48   28420900      93.48\n",
       "4     2014-07-01  93.52  94.07  93.13  93.52   38170200      93.52\n",
       "...          ...    ...    ...    ...    ...        ...        ...\n",
       "8460  1980-12-18  26.63  26.75  26.63  26.63   18362400       0.41\n",
       "8461  1980-12-17  25.87  26.00  25.87  25.87   21610400       0.40\n",
       "8462  1980-12-16  25.37  25.37  25.25  25.25   26432000       0.39\n",
       "8463  1980-12-15  27.38  27.38  27.25  27.25   43971200       0.42\n",
       "8464  1980-12-12  28.75  28.87  28.75  28.75  117258400       0.45\n",
       "\n",
       "[8465 rows x 7 columns]"
      ]
     },
     "execution_count": 4,
     "metadata": {},
     "output_type": "execute_result"
    }
   ],
   "source": [
    "apple"
   ]
  },
  {
   "cell_type": "markdown",
   "metadata": {},
   "source": [
    "### Step 4.  Check out the type of the columns"
   ]
  },
  {
   "cell_type": "code",
   "execution_count": 5,
   "metadata": {},
   "outputs": [
    {
     "data": {
      "text/plain": [
       "Date          object\n",
       "Open         float64\n",
       "High         float64\n",
       "Low          float64\n",
       "Close        float64\n",
       "Volume         int64\n",
       "Adj Close    float64\n",
       "dtype: object"
      ]
     },
     "execution_count": 5,
     "metadata": {},
     "output_type": "execute_result"
    }
   ],
   "source": [
    "apple.dtypes"
   ]
  },
  {
   "cell_type": "markdown",
   "metadata": {},
   "source": [
    "### Step 5. Transform the Date column as a datetime type"
   ]
  },
  {
   "cell_type": "code",
   "execution_count": 6,
   "metadata": {},
   "outputs": [],
   "source": [
    "apple['Date']=pd.to_datetime(apple.Date)"
   ]
  },
  {
   "cell_type": "code",
   "execution_count": 7,
   "metadata": {},
   "outputs": [
    {
     "data": {
      "text/plain": [
       "Date         datetime64[ns]\n",
       "Open                float64\n",
       "High                float64\n",
       "Low                 float64\n",
       "Close               float64\n",
       "Volume                int64\n",
       "Adj Close           float64\n",
       "dtype: object"
      ]
     },
     "execution_count": 7,
     "metadata": {},
     "output_type": "execute_result"
    }
   ],
   "source": [
    "apple.dtypes"
   ]
  },
  {
   "cell_type": "markdown",
   "metadata": {},
   "source": [
    "### Step 6.  Set the date as the index"
   ]
  },
  {
   "cell_type": "code",
   "execution_count": 8,
   "metadata": {},
   "outputs": [],
   "source": [
    "apple = apple.set_index('Date')"
   ]
  },
  {
   "cell_type": "code",
   "execution_count": 9,
   "metadata": {},
   "outputs": [
    {
     "data": {
      "text/plain": [
       "Open         float64\n",
       "High         float64\n",
       "Low          float64\n",
       "Close        float64\n",
       "Volume         int64\n",
       "Adj Close    float64\n",
       "dtype: object"
      ]
     },
     "execution_count": 9,
     "metadata": {},
     "output_type": "execute_result"
    }
   ],
   "source": [
    "apple.dtypes"
   ]
  },
  {
   "cell_type": "markdown",
   "metadata": {},
   "source": [
    "### Step 7.  Is there any duplicate dates?"
   ]
  },
  {
   "cell_type": "code",
   "execution_count": 10,
   "metadata": {},
   "outputs": [],
   "source": [
    "bb=apple.index.duplicated()"
   ]
  },
  {
   "cell_type": "code",
   "execution_count": 11,
   "metadata": {},
   "outputs": [
    {
     "data": {
      "text/plain": [
       "array([False, False, False, ..., False, False, False])"
      ]
     },
     "execution_count": 11,
     "metadata": {},
     "output_type": "execute_result"
    }
   ],
   "source": [
    "bb"
   ]
  },
  {
   "cell_type": "code",
   "execution_count": 12,
   "metadata": {},
   "outputs": [
    {
     "data": {
      "text/plain": [
       "(array([], dtype=int64),)"
      ]
     },
     "execution_count": 12,
     "metadata": {},
     "output_type": "execute_result"
    }
   ],
   "source": [
    "np.where(bb == True)"
   ]
  },
  {
   "cell_type": "code",
   "execution_count": 13,
   "metadata": {},
   "outputs": [],
   "source": [
    "aa= pd.Series(bb)"
   ]
  },
  {
   "cell_type": "code",
   "execution_count": 14,
   "metadata": {},
   "outputs": [
    {
     "data": {
      "text/plain": [
       "0       False\n",
       "1       False\n",
       "2       False\n",
       "3       False\n",
       "4       False\n",
       "        ...  \n",
       "8460    False\n",
       "8461    False\n",
       "8462    False\n",
       "8463    False\n",
       "8464    False\n",
       "Length: 8465, dtype: bool"
      ]
     },
     "execution_count": 14,
     "metadata": {},
     "output_type": "execute_result"
    }
   ],
   "source": [
    "aa.apply(lambda x: x == True)"
   ]
  },
  {
   "cell_type": "markdown",
   "metadata": {},
   "source": [
    "### Step 8.  The index is from the most recent date. Sort the data so that the first entry is the oldest date."
   ]
  },
  {
   "cell_type": "code",
   "execution_count": 15,
   "metadata": {},
   "outputs": [
    {
     "data": {
      "text/html": [
       "<div>\n",
       "<style scoped>\n",
       "    .dataframe tbody tr th:only-of-type {\n",
       "        vertical-align: middle;\n",
       "    }\n",
       "\n",
       "    .dataframe tbody tr th {\n",
       "        vertical-align: top;\n",
       "    }\n",
       "\n",
       "    .dataframe thead th {\n",
       "        text-align: right;\n",
       "    }\n",
       "</style>\n",
       "<table border=\"1\" class=\"dataframe\">\n",
       "  <thead>\n",
       "    <tr style=\"text-align: right;\">\n",
       "      <th></th>\n",
       "      <th>Open</th>\n",
       "      <th>High</th>\n",
       "      <th>Low</th>\n",
       "      <th>Close</th>\n",
       "      <th>Volume</th>\n",
       "      <th>Adj Close</th>\n",
       "    </tr>\n",
       "    <tr>\n",
       "      <th>Date</th>\n",
       "      <th></th>\n",
       "      <th></th>\n",
       "      <th></th>\n",
       "      <th></th>\n",
       "      <th></th>\n",
       "      <th></th>\n",
       "    </tr>\n",
       "  </thead>\n",
       "  <tbody>\n",
       "    <tr>\n",
       "      <td>2014-07-08</td>\n",
       "      <td>96.27</td>\n",
       "      <td>96.80</td>\n",
       "      <td>93.92</td>\n",
       "      <td>95.35</td>\n",
       "      <td>65130000</td>\n",
       "      <td>95.35</td>\n",
       "    </tr>\n",
       "    <tr>\n",
       "      <td>2014-07-07</td>\n",
       "      <td>94.14</td>\n",
       "      <td>95.99</td>\n",
       "      <td>94.10</td>\n",
       "      <td>95.97</td>\n",
       "      <td>56305400</td>\n",
       "      <td>95.97</td>\n",
       "    </tr>\n",
       "    <tr>\n",
       "      <td>2014-07-03</td>\n",
       "      <td>93.67</td>\n",
       "      <td>94.10</td>\n",
       "      <td>93.20</td>\n",
       "      <td>94.03</td>\n",
       "      <td>22891800</td>\n",
       "      <td>94.03</td>\n",
       "    </tr>\n",
       "    <tr>\n",
       "      <td>2014-07-02</td>\n",
       "      <td>93.87</td>\n",
       "      <td>94.06</td>\n",
       "      <td>93.09</td>\n",
       "      <td>93.48</td>\n",
       "      <td>28420900</td>\n",
       "      <td>93.48</td>\n",
       "    </tr>\n",
       "    <tr>\n",
       "      <td>2014-07-01</td>\n",
       "      <td>93.52</td>\n",
       "      <td>94.07</td>\n",
       "      <td>93.13</td>\n",
       "      <td>93.52</td>\n",
       "      <td>38170200</td>\n",
       "      <td>93.52</td>\n",
       "    </tr>\n",
       "    <tr>\n",
       "      <td>...</td>\n",
       "      <td>...</td>\n",
       "      <td>...</td>\n",
       "      <td>...</td>\n",
       "      <td>...</td>\n",
       "      <td>...</td>\n",
       "      <td>...</td>\n",
       "    </tr>\n",
       "    <tr>\n",
       "      <td>1980-12-18</td>\n",
       "      <td>26.63</td>\n",
       "      <td>26.75</td>\n",
       "      <td>26.63</td>\n",
       "      <td>26.63</td>\n",
       "      <td>18362400</td>\n",
       "      <td>0.41</td>\n",
       "    </tr>\n",
       "    <tr>\n",
       "      <td>1980-12-17</td>\n",
       "      <td>25.87</td>\n",
       "      <td>26.00</td>\n",
       "      <td>25.87</td>\n",
       "      <td>25.87</td>\n",
       "      <td>21610400</td>\n",
       "      <td>0.40</td>\n",
       "    </tr>\n",
       "    <tr>\n",
       "      <td>1980-12-16</td>\n",
       "      <td>25.37</td>\n",
       "      <td>25.37</td>\n",
       "      <td>25.25</td>\n",
       "      <td>25.25</td>\n",
       "      <td>26432000</td>\n",
       "      <td>0.39</td>\n",
       "    </tr>\n",
       "    <tr>\n",
       "      <td>1980-12-15</td>\n",
       "      <td>27.38</td>\n",
       "      <td>27.38</td>\n",
       "      <td>27.25</td>\n",
       "      <td>27.25</td>\n",
       "      <td>43971200</td>\n",
       "      <td>0.42</td>\n",
       "    </tr>\n",
       "    <tr>\n",
       "      <td>1980-12-12</td>\n",
       "      <td>28.75</td>\n",
       "      <td>28.87</td>\n",
       "      <td>28.75</td>\n",
       "      <td>28.75</td>\n",
       "      <td>117258400</td>\n",
       "      <td>0.45</td>\n",
       "    </tr>\n",
       "  </tbody>\n",
       "</table>\n",
       "<p>8465 rows × 6 columns</p>\n",
       "</div>"
      ],
      "text/plain": [
       "             Open   High    Low  Close     Volume  Adj Close\n",
       "Date                                                        \n",
       "2014-07-08  96.27  96.80  93.92  95.35   65130000      95.35\n",
       "2014-07-07  94.14  95.99  94.10  95.97   56305400      95.97\n",
       "2014-07-03  93.67  94.10  93.20  94.03   22891800      94.03\n",
       "2014-07-02  93.87  94.06  93.09  93.48   28420900      93.48\n",
       "2014-07-01  93.52  94.07  93.13  93.52   38170200      93.52\n",
       "...           ...    ...    ...    ...        ...        ...\n",
       "1980-12-18  26.63  26.75  26.63  26.63   18362400       0.41\n",
       "1980-12-17  25.87  26.00  25.87  25.87   21610400       0.40\n",
       "1980-12-16  25.37  25.37  25.25  25.25   26432000       0.39\n",
       "1980-12-15  27.38  27.38  27.25  27.25   43971200       0.42\n",
       "1980-12-12  28.75  28.87  28.75  28.75  117258400       0.45\n",
       "\n",
       "[8465 rows x 6 columns]"
      ]
     },
     "execution_count": 15,
     "metadata": {},
     "output_type": "execute_result"
    }
   ],
   "source": [
    "apple"
   ]
  },
  {
   "cell_type": "code",
   "execution_count": 16,
   "metadata": {},
   "outputs": [
    {
     "data": {
      "text/html": [
       "<div>\n",
       "<style scoped>\n",
       "    .dataframe tbody tr th:only-of-type {\n",
       "        vertical-align: middle;\n",
       "    }\n",
       "\n",
       "    .dataframe tbody tr th {\n",
       "        vertical-align: top;\n",
       "    }\n",
       "\n",
       "    .dataframe thead th {\n",
       "        text-align: right;\n",
       "    }\n",
       "</style>\n",
       "<table border=\"1\" class=\"dataframe\">\n",
       "  <thead>\n",
       "    <tr style=\"text-align: right;\">\n",
       "      <th></th>\n",
       "      <th>Open</th>\n",
       "      <th>High</th>\n",
       "      <th>Low</th>\n",
       "      <th>Close</th>\n",
       "      <th>Volume</th>\n",
       "      <th>Adj Close</th>\n",
       "    </tr>\n",
       "    <tr>\n",
       "      <th>Date</th>\n",
       "      <th></th>\n",
       "      <th></th>\n",
       "      <th></th>\n",
       "      <th></th>\n",
       "      <th></th>\n",
       "      <th></th>\n",
       "    </tr>\n",
       "  </thead>\n",
       "  <tbody>\n",
       "    <tr>\n",
       "      <td>1980-12-12</td>\n",
       "      <td>28.75</td>\n",
       "      <td>28.87</td>\n",
       "      <td>28.75</td>\n",
       "      <td>28.75</td>\n",
       "      <td>117258400</td>\n",
       "      <td>0.45</td>\n",
       "    </tr>\n",
       "    <tr>\n",
       "      <td>1980-12-15</td>\n",
       "      <td>27.38</td>\n",
       "      <td>27.38</td>\n",
       "      <td>27.25</td>\n",
       "      <td>27.25</td>\n",
       "      <td>43971200</td>\n",
       "      <td>0.42</td>\n",
       "    </tr>\n",
       "    <tr>\n",
       "      <td>1980-12-16</td>\n",
       "      <td>25.37</td>\n",
       "      <td>25.37</td>\n",
       "      <td>25.25</td>\n",
       "      <td>25.25</td>\n",
       "      <td>26432000</td>\n",
       "      <td>0.39</td>\n",
       "    </tr>\n",
       "    <tr>\n",
       "      <td>1980-12-17</td>\n",
       "      <td>25.87</td>\n",
       "      <td>26.00</td>\n",
       "      <td>25.87</td>\n",
       "      <td>25.87</td>\n",
       "      <td>21610400</td>\n",
       "      <td>0.40</td>\n",
       "    </tr>\n",
       "    <tr>\n",
       "      <td>1980-12-18</td>\n",
       "      <td>26.63</td>\n",
       "      <td>26.75</td>\n",
       "      <td>26.63</td>\n",
       "      <td>26.63</td>\n",
       "      <td>18362400</td>\n",
       "      <td>0.41</td>\n",
       "    </tr>\n",
       "    <tr>\n",
       "      <td>...</td>\n",
       "      <td>...</td>\n",
       "      <td>...</td>\n",
       "      <td>...</td>\n",
       "      <td>...</td>\n",
       "      <td>...</td>\n",
       "      <td>...</td>\n",
       "    </tr>\n",
       "    <tr>\n",
       "      <td>2014-07-01</td>\n",
       "      <td>93.52</td>\n",
       "      <td>94.07</td>\n",
       "      <td>93.13</td>\n",
       "      <td>93.52</td>\n",
       "      <td>38170200</td>\n",
       "      <td>93.52</td>\n",
       "    </tr>\n",
       "    <tr>\n",
       "      <td>2014-07-02</td>\n",
       "      <td>93.87</td>\n",
       "      <td>94.06</td>\n",
       "      <td>93.09</td>\n",
       "      <td>93.48</td>\n",
       "      <td>28420900</td>\n",
       "      <td>93.48</td>\n",
       "    </tr>\n",
       "    <tr>\n",
       "      <td>2014-07-03</td>\n",
       "      <td>93.67</td>\n",
       "      <td>94.10</td>\n",
       "      <td>93.20</td>\n",
       "      <td>94.03</td>\n",
       "      <td>22891800</td>\n",
       "      <td>94.03</td>\n",
       "    </tr>\n",
       "    <tr>\n",
       "      <td>2014-07-07</td>\n",
       "      <td>94.14</td>\n",
       "      <td>95.99</td>\n",
       "      <td>94.10</td>\n",
       "      <td>95.97</td>\n",
       "      <td>56305400</td>\n",
       "      <td>95.97</td>\n",
       "    </tr>\n",
       "    <tr>\n",
       "      <td>2014-07-08</td>\n",
       "      <td>96.27</td>\n",
       "      <td>96.80</td>\n",
       "      <td>93.92</td>\n",
       "      <td>95.35</td>\n",
       "      <td>65130000</td>\n",
       "      <td>95.35</td>\n",
       "    </tr>\n",
       "  </tbody>\n",
       "</table>\n",
       "<p>8465 rows × 6 columns</p>\n",
       "</div>"
      ],
      "text/plain": [
       "             Open   High    Low  Close     Volume  Adj Close\n",
       "Date                                                        \n",
       "1980-12-12  28.75  28.87  28.75  28.75  117258400       0.45\n",
       "1980-12-15  27.38  27.38  27.25  27.25   43971200       0.42\n",
       "1980-12-16  25.37  25.37  25.25  25.25   26432000       0.39\n",
       "1980-12-17  25.87  26.00  25.87  25.87   21610400       0.40\n",
       "1980-12-18  26.63  26.75  26.63  26.63   18362400       0.41\n",
       "...           ...    ...    ...    ...        ...        ...\n",
       "2014-07-01  93.52  94.07  93.13  93.52   38170200      93.52\n",
       "2014-07-02  93.87  94.06  93.09  93.48   28420900      93.48\n",
       "2014-07-03  93.67  94.10  93.20  94.03   22891800      94.03\n",
       "2014-07-07  94.14  95.99  94.10  95.97   56305400      95.97\n",
       "2014-07-08  96.27  96.80  93.92  95.35   65130000      95.35\n",
       "\n",
       "[8465 rows x 6 columns]"
      ]
     },
     "execution_count": 16,
     "metadata": {},
     "output_type": "execute_result"
    }
   ],
   "source": [
    "apple.sort_index(axis=0)"
   ]
  },
  {
   "cell_type": "markdown",
   "metadata": {},
   "source": [
    "### Step 9. Get the last business day of each month"
   ]
  },
  {
   "cell_type": "markdown",
   "metadata": {},
   "source": [
    "### UDF for Last business Day of each month"
   ]
  },
  {
   "cell_type": "code",
   "execution_count": null,
   "metadata": {},
   "outputs": [],
   "source": [
    "def last_business_day(date_1):\n",
    "  date = pd.Timestamp(date_1)\n",
    "  new_date=date+pd.DateOffset(months=1,day=1,days=-1)\n",
    "  if (new_date.day == 31 and new_date.day_name()!=('Sunday' or 'Saturday')):\n",
    "    Last_Business_Day=new_date.day_name()\n",
    "    return('Last Business Day is',Last_Business_Day)\n",
    "  elif (new_date.day == 30 and new_date.day_name()!=('Sunday' or 'Saturday')):\n",
    "    Last_Business_Day=new_date.day_name()\n",
    "    return('Last Business Day is',Last_Business_Day)  \n",
    "  elif(new_date.day == 31 and new_date.day_name()==('Sunday')):\n",
    "    Last_Business_Day_1=new_date+pd.DateOffset(days=-2)\n",
    "    Last_Business_Day=Last_Business_Day_1.day_name()\n",
    "    return('Last Business Day is',Last_Business_Day)\n",
    "  elif(new_date.day == 31 and new_date.day_name()==('Saturday')):\n",
    "    Last_Business_Day_2=new_date+pd.DateOffset(days=-1)\n",
    "    Last_Business_Day=Last_Business_Day_2.day_name()\n",
    "    return('Last Business Day is',Last_Business_Day)\n",
    "  elif(new_date.day == 30 and new_date.day_name()==('Sunday')):\n",
    "    Last_Business_Day_3=new_date+pd.DateOffset(days=-2)\n",
    "    Last_Business_Day=Last_Business_Day_3.day_name() \n",
    "    return('Last Business Day is',Last_Business_Day)\n",
    "  elif(new_date.day == 30 and new_date.day_name()==('Saturday')):\n",
    "    Last_Business_Day_4=new_date+pd.DateOffset(days=-1)\n",
    "    Last_Business_Day=Last_Business_Day_4.day_name()\n",
    "    return('Last Business Day is',Last_Business_Day)\n",
    "  elif(new_date.day == 28 and new_date.day_name()!=('Sunday' or 'Saturday')):\n",
    "    Last_Business_Day=new_date.day_name()\n",
    "    return('Last Business Day is',Last_Business_Day)  \n",
    "  elif(new_date.day == 28 and new_date.day_name()==('Sunday')):\n",
    "    Last_Business_Day_5=new_date+pd.DateOffset(days=-2)\n",
    "    Last_Business_Day=Last_Business_Day_5.day_name()\n",
    "    return('Last Business Day is',Last_Business_Day)\n",
    "  elif(new_date.day == 28 and new_date.day_name()==('Saturday')):\n",
    "    Last_Business_Day_6=new_date+pd.DateOffset(days=-1)\n",
    "    Last_Business_Day=Last_Business_Day_6.day_name()\n",
    "    return('Last Business Day is',Last_Business_Day)\n",
    "  elif(new_date.day == 29 and new_date.day_name()!=('Sunday' or 'Saturday')):\n",
    "    Last_Business_Day=new_date.day_name()\n",
    "    return('Last Business Day is',Last_Business_Day)  \n",
    "  elif(new_date.day == 29 and new_date.day_name()==('Sunday')):\n",
    "    Last_Business_Day_7=new_date+pd.DateOffset(days=-2)\n",
    "    Last_Business_Day=Last_Business_Day_7.day_name()\n",
    "    return('Last Business Day is',Last_Business_Day)\n",
    "  elif(new_date.day == 29 and new_date.day_name()==('Saturday')):\n",
    "    Last_Business_Day_8=new_date+pd.DateOffset(days=-1)\n",
    "    Last_Business_Day=Last_Business_Day_8.day_name()\n",
    "    return('Last Business Day is',Last_Business_Day)"
   ]
  },
  {
   "cell_type": "code",
   "execution_count": null,
   "metadata": {},
   "outputs": [],
   "source": []
  },
  {
   "cell_type": "markdown",
   "metadata": {},
   "source": [
    "### Step 10.  What is the difference in days between the first day and the oldest"
   ]
  },
  {
   "cell_type": "code",
   "execution_count": 18,
   "metadata": {},
   "outputs": [
    {
     "data": {
      "text/plain": [
       "Timedelta('12261 days 00:00:00')"
      ]
     },
     "execution_count": 18,
     "metadata": {},
     "output_type": "execute_result"
    }
   ],
   "source": [
    "apple.index.max()-apple.index.min()"
   ]
  },
  {
   "cell_type": "markdown",
   "metadata": {},
   "source": [
    "### Step 11.  How many months in the data we have?"
   ]
  },
  {
   "cell_type": "code",
   "execution_count": 19,
   "metadata": {},
   "outputs": [],
   "source": [
    "a1=apple.index.max()"
   ]
  },
  {
   "cell_type": "code",
   "execution_count": 20,
   "metadata": {},
   "outputs": [],
   "source": [
    "a2=apple.index.min()"
   ]
  },
  {
   "cell_type": "code",
   "execution_count": 21,
   "metadata": {},
   "outputs": [],
   "source": [
    "m3=0\n",
    "d2=0\n",
    "def months_between(a1,a2):\n",
    "    if a1>a2:\n",
    "        a11=a1+pd.DateOffset(years=-1)\n",
    "        a22=a2+pd.DateOffset(years=1)\n",
    "        m1=(a11.year-a22.year)*12+12\n",
    "    if a1.month>1:\n",
    "            m2=a1.month-1\n",
    "            d1=a1.day\n",
    "    elif a1.month==1:\n",
    "            d1=a1.day \n",
    "    if a2.month<12:\n",
    "        global m3\n",
    "        m3=12-(a2.month)\n",
    "        global d2\n",
    "        d2=a2.day       \n",
    "    elif a2.month==12:\n",
    "            d2=a2.day        \n",
    "    return ('Total_Month',m1+m2+m3,'Extra_Days',d1+d2)"
   ]
  },
  {
   "cell_type": "code",
   "execution_count": 22,
   "metadata": {},
   "outputs": [
    {
     "data": {
      "text/plain": [
       "('Total_Month', 402, 'Extra_Days', 20)"
      ]
     },
     "execution_count": 22,
     "metadata": {},
     "output_type": "execute_result"
    }
   ],
   "source": [
    "months_between(a1,a2)"
   ]
  },
  {
   "cell_type": "markdown",
   "metadata": {},
   "source": [
    "### Step 12. Plot the 'Adj Close' value. Set the size of the figure to 13.5 x 9 inches"
   ]
  },
  {
   "cell_type": "code",
   "execution_count": 23,
   "metadata": {},
   "outputs": [],
   "source": [
    "apple.rename(columns={'Adj Close':'AdjClose'},inplace=True)"
   ]
  },
  {
   "cell_type": "code",
   "execution_count": 24,
   "metadata": {},
   "outputs": [
    {
     "data": {
      "text/html": [
       "<div>\n",
       "<style scoped>\n",
       "    .dataframe tbody tr th:only-of-type {\n",
       "        vertical-align: middle;\n",
       "    }\n",
       "\n",
       "    .dataframe tbody tr th {\n",
       "        vertical-align: top;\n",
       "    }\n",
       "\n",
       "    .dataframe thead th {\n",
       "        text-align: right;\n",
       "    }\n",
       "</style>\n",
       "<table border=\"1\" class=\"dataframe\">\n",
       "  <thead>\n",
       "    <tr style=\"text-align: right;\">\n",
       "      <th></th>\n",
       "      <th>Open</th>\n",
       "      <th>High</th>\n",
       "      <th>Low</th>\n",
       "      <th>Close</th>\n",
       "      <th>Volume</th>\n",
       "      <th>AdjClose</th>\n",
       "    </tr>\n",
       "    <tr>\n",
       "      <th>Date</th>\n",
       "      <th></th>\n",
       "      <th></th>\n",
       "      <th></th>\n",
       "      <th></th>\n",
       "      <th></th>\n",
       "      <th></th>\n",
       "    </tr>\n",
       "  </thead>\n",
       "  <tbody>\n",
       "    <tr>\n",
       "      <td>2014-07-08</td>\n",
       "      <td>96.27</td>\n",
       "      <td>96.80</td>\n",
       "      <td>93.92</td>\n",
       "      <td>95.35</td>\n",
       "      <td>65130000</td>\n",
       "      <td>95.35</td>\n",
       "    </tr>\n",
       "    <tr>\n",
       "      <td>2014-07-07</td>\n",
       "      <td>94.14</td>\n",
       "      <td>95.99</td>\n",
       "      <td>94.10</td>\n",
       "      <td>95.97</td>\n",
       "      <td>56305400</td>\n",
       "      <td>95.97</td>\n",
       "    </tr>\n",
       "    <tr>\n",
       "      <td>2014-07-03</td>\n",
       "      <td>93.67</td>\n",
       "      <td>94.10</td>\n",
       "      <td>93.20</td>\n",
       "      <td>94.03</td>\n",
       "      <td>22891800</td>\n",
       "      <td>94.03</td>\n",
       "    </tr>\n",
       "    <tr>\n",
       "      <td>2014-07-02</td>\n",
       "      <td>93.87</td>\n",
       "      <td>94.06</td>\n",
       "      <td>93.09</td>\n",
       "      <td>93.48</td>\n",
       "      <td>28420900</td>\n",
       "      <td>93.48</td>\n",
       "    </tr>\n",
       "    <tr>\n",
       "      <td>2014-07-01</td>\n",
       "      <td>93.52</td>\n",
       "      <td>94.07</td>\n",
       "      <td>93.13</td>\n",
       "      <td>93.52</td>\n",
       "      <td>38170200</td>\n",
       "      <td>93.52</td>\n",
       "    </tr>\n",
       "    <tr>\n",
       "      <td>...</td>\n",
       "      <td>...</td>\n",
       "      <td>...</td>\n",
       "      <td>...</td>\n",
       "      <td>...</td>\n",
       "      <td>...</td>\n",
       "      <td>...</td>\n",
       "    </tr>\n",
       "    <tr>\n",
       "      <td>1980-12-18</td>\n",
       "      <td>26.63</td>\n",
       "      <td>26.75</td>\n",
       "      <td>26.63</td>\n",
       "      <td>26.63</td>\n",
       "      <td>18362400</td>\n",
       "      <td>0.41</td>\n",
       "    </tr>\n",
       "    <tr>\n",
       "      <td>1980-12-17</td>\n",
       "      <td>25.87</td>\n",
       "      <td>26.00</td>\n",
       "      <td>25.87</td>\n",
       "      <td>25.87</td>\n",
       "      <td>21610400</td>\n",
       "      <td>0.40</td>\n",
       "    </tr>\n",
       "    <tr>\n",
       "      <td>1980-12-16</td>\n",
       "      <td>25.37</td>\n",
       "      <td>25.37</td>\n",
       "      <td>25.25</td>\n",
       "      <td>25.25</td>\n",
       "      <td>26432000</td>\n",
       "      <td>0.39</td>\n",
       "    </tr>\n",
       "    <tr>\n",
       "      <td>1980-12-15</td>\n",
       "      <td>27.38</td>\n",
       "      <td>27.38</td>\n",
       "      <td>27.25</td>\n",
       "      <td>27.25</td>\n",
       "      <td>43971200</td>\n",
       "      <td>0.42</td>\n",
       "    </tr>\n",
       "    <tr>\n",
       "      <td>1980-12-12</td>\n",
       "      <td>28.75</td>\n",
       "      <td>28.87</td>\n",
       "      <td>28.75</td>\n",
       "      <td>28.75</td>\n",
       "      <td>117258400</td>\n",
       "      <td>0.45</td>\n",
       "    </tr>\n",
       "  </tbody>\n",
       "</table>\n",
       "<p>8465 rows × 6 columns</p>\n",
       "</div>"
      ],
      "text/plain": [
       "             Open   High    Low  Close     Volume  AdjClose\n",
       "Date                                                       \n",
       "2014-07-08  96.27  96.80  93.92  95.35   65130000     95.35\n",
       "2014-07-07  94.14  95.99  94.10  95.97   56305400     95.97\n",
       "2014-07-03  93.67  94.10  93.20  94.03   22891800     94.03\n",
       "2014-07-02  93.87  94.06  93.09  93.48   28420900     93.48\n",
       "2014-07-01  93.52  94.07  93.13  93.52   38170200     93.52\n",
       "...           ...    ...    ...    ...        ...       ...\n",
       "1980-12-18  26.63  26.75  26.63  26.63   18362400      0.41\n",
       "1980-12-17  25.87  26.00  25.87  25.87   21610400      0.40\n",
       "1980-12-16  25.37  25.37  25.25  25.25   26432000      0.39\n",
       "1980-12-15  27.38  27.38  27.25  27.25   43971200      0.42\n",
       "1980-12-12  28.75  28.87  28.75  28.75  117258400      0.45\n",
       "\n",
       "[8465 rows x 6 columns]"
      ]
     },
     "execution_count": 24,
     "metadata": {},
     "output_type": "execute_result"
    }
   ],
   "source": [
    "apple"
   ]
  },
  {
   "cell_type": "code",
   "execution_count": 25,
   "metadata": {},
   "outputs": [
    {
     "data": {
      "text/plain": [
       "<matplotlib.axes._subplots.AxesSubplot at 0x1d34725df08>"
      ]
     },
     "execution_count": 25,
     "metadata": {},
     "output_type": "execute_result"
    },
    {
     "data": {
